[?25l[0m [38;2;0;0;0m          [38;2;119;69;75m▁[38;2;225;128;142m▂[7m[38;2;217;124;137m▀[0m[38;2;229;130;145m▅[38;2;231;132;146m▆[7m[38;2;229;130;145m▔[38;2;236;134;149m▔[0m[38;2;189;110;120;48;2;236;134;149m▔[38;2;242;158;133;48;2;236;136;147m▗[38;2;244;167;127;48;2;237;145;141m▅[38;2;188;132;100;48;2;244;168;126m▔[0m[7m[38;2;244;168;126m▔[38;2;235;162;121m▔[0m[38;2;237;163;123m▆[38;2;233;161;121m▅[7m[38;2;216;149;112m▀[0m[38;2;222;153;115m▂[0m [38;2;93;66;50m           [0m
 [38;2;0;0;0m       [38;2;161;93;102m▂[7m[38;2;222;126;140m▀[0m[38;2;232;132;147m▆[38;2;223;128;141;48;2;236;134;149m▔     [38;2;242;157;134;48;2;236;136;147m▗[38;2;244;167;127;48;2;239;145;142m▅[48;2;244;168;126m       [38;2;242;182;137m▂[38;2;243;175;131;48;2;238;207;155m▀[38;2;208;172;129;48;2;237;211;158m▔[0m[38;2;229;204;153m▆[7m[38;2;214;190;143m▀[0m[38;2;132;119;89m▂        [0m
 [38;2;0;0;0m    [0m [38;2;203;116;128m▃[38;2;228;130;144m▆[48;2;236;134;149m       [38;2;242;157;134;48;2;236;136;148m▗[38;2;244;167;127;48;2;238;145;142m▅[48;2;244;168;126m       [38;2;242;182;136m▂[38;2;243;175;131;48;2;238;207;155m▀[38;2;239;198;149;48;2;237;211;158m▔    [38;2;233;208;156m▔[0m[38;2;223;198;149m▆[38;2;182;164;123m▃[0m [38;2;10;14;10m     [0m
 [38;2;0;0;0m   [38;2;213;122;135m▗[38;2;124;71;78;48;2;233;132;147m▘[48;2;236;134;149m [38;2;210;121;136m▁[38;2;45;43;61;48;2;227;129;144m▂[38;2;36;39;58;48;2;228;130;145m▂[38;2;88;62;79;48;2;236;134;149m▂[38;2;176;103;118m▁ [38;2;242;157;134;48;2;236;136;148m▗[38;2;244;167;127;48;2;238;144;142m▅[48;2;244;168;126m       [38;2;241;187;140;48;2;244;169;127m▁[38;2;243;175;131;48;2;238;207;155m▀[38;2;239;198;148;48;2;237;211;158m▔[38;2;183;164;129m▁[38;2;50;50;64;48;2;222;198;150m▂[38;2;227;202;152;48;2;44;46;61m▀[38;2;37;40;58;48;2;225;200;151m▅[38;2;36;39;58;48;2;195;175;136m▖[48;2;237;211;158m [38;2;232;212;157m▁[38;2;180;216;150;48;2;231;211;157m▃[38;2;205;214;154;48;2;167;217;148m▘[0m[7m[38;2;159;209;143m▝[0m[38;2;132;173;119m▖    [0m
 [38;2;0;0;0m [0m [7m[38;2;200;114;127m▘[0m[38;2;17;10;11;48;2;236;134;149m   [38;2;234;133;148;48;2;57;48;67m▋[48;2;36;39;58m   [38;2;62;50;68m▔[38;2;43;43;60;48;2;194;119;124m▆[38;2;235;162;123;48;2;73;61;69m▀[38;2;178;126;103;48;2;242;167;125m▁[38;2;209;145;112;48;2;244;168;126m▁[38;2;52;47;61;48;2;240;165;124m▁[38;2;61;53;64;48;2;243;167;126m▂[38;2;36;39;58;48;2;237;163;123m▂[48;2;232;160;121m▂[48;2;233;160;121m▂[48;2;237;180;135m▂[38;2;86;81;80;48;2;237;208;156m▂[38;2;73;70;73;48;2;234;208;156m▁[38;2;204;183;141;48;2;58;58;68m▀[38;2;114;105;95;48;2;39;41;59m▔[48;2;36;39;58m   [38;2;41;43;60m▔[38;2;100;94;89;48;2;203;208;151m▎[38;2;206;214;154;48;2;167;217;148m▘[48;2;165;217;148m   [38;2;160;210;144m▔[0m[7m[38;2;123;162;111m▝[0m [38;2;22;29;21m  [0m
  [7m[38;2;229;131;145m▘[0m[38;2;63;37;40;48;2;236;134;149m    [38;2;235;134;149;48;2;69;54;72m▋[48;2;36;39;58m      [38;2;116;87;82m▔[38;2;61;53;64m▔              [38;2;37;41;58;48;2;162;213;146m▍[48;2;165;217;148m      [0m[7m[38;2;141;192;152m▝[0m [38;2;22;34;39m [0m
 [7m[38;2;217;124;137m▘[0m[38;2;37;22;23;48;2;236;134;149m     [38;2;149;104;97;48;2;235;139;144m▕[38;2;82;66;71;48;2;36;39;58m▏                     [38;2;48;56;65;48;2;150;197;137m▎[48;2;165;217;148m    [38;2;142;205;194;48;2;164;216;151m▗[38;2;127;197;222;48;2;156;212;166m▅[38;2;127;196;223;48;2;124;195;227m▔[0m[7m[38;2;100;156;182m▝[0m[38;2;5;8;9m [0m
[7m[38;2;193;110;122m▋[0m[38;2;23;13;14;48;2;236;134;149m    [38;2;241;156;134;48;2;236;136;148m▗[38;2;244;166;127;48;2;238;144;143m▅[38;2;203;142;112;48;2;242;167;125m▁[38;2;167;120;100;48;2;43;43;60m▎[48;2;36;39;58m       [38;2;154;161;190;48;2;43;46;65m▁[38;2;201;210;243;48;2;49;52;72m▂[38;2;200;209;243m▂[38;2;153;160;189;48;2;42;46;65m▁[48;2;36;39;58m    [38;2;60;63;84m▁[38;2;187;196;228;48;2;47;50;70m▂[38;2;201;210;244;48;2;51;54;74m▃[38;2;193;202;235;48;2;41;45;64m▃[38;2;116;121;147;48;2;36;39;58m▂ [38;2;55;65;70m▔[38;2;138;181;129;48;2;53;63;69m▀[38;2;145;190;133;48;2;165;216;148m▁[38;2;142;205;194;48;2;164;216;151m▗[38;2;127;197;221;48;2;157;212;166m▅[38;2;127;197;223;48;2;124;195;227m▔  [38;2;123;193;225m▔[0m[38;2;92;144;168m▖[0m
[7m[38;2;227;129;143m▎[0m[38;2;48;29;30;48;2;236;134;149m  [38;2;241;156;135;48;2;236;136;148m▗[38;2;244;166;127;48;2;238;144;143m▅[38;2;244;167;127;48;2;244;168;126m▔[38;2;221;153;117m▕[38;2;213;148;115;48;2;53;49;63m▘[48;2;36;39;58m      [38;2;42;45;64m▁[38;2;48;51;71;48;2;169;177;208m▘[38;2;71;75;96;48;2;196;204;238m▂[38;2;37;40;59;48;2;193;202;235m▃[38;2;36;39;58;48;2;192;200;233m▃[38;2;53;57;77;48;2;192;201;234m▂[38;2;52;56;76;48;2;171;179;210m▝[38;2;59;63;83;48;2;36;39;58m▏  [38;2;168;176;206;48;2;98;103;127m▞[38;2;184;192;224;48;2;42;46;65m▀[38;2;36;39;58;48;2;180;188;219m▅[38;2;38;41;60;48;2;189;197;230m▅[38;2;192;201;234;48;2;65;69;90m▀[38;2;118;124;150;48;2;40;44;63m▍[48;2;36;39;58m  [38;2;130;184;171;48;2;45;54;69m▝[38;2;115;177;201;48;2;124;195;227m▏     [0m[38;2;118;186;217m▋[0m
[38;2;182;108;116;48;2;236;134;149m▏[38;2;241;156;135;48;2;236;136;148m▗[38;2;243;166;127;48;2;238;143;143m▅[38;2;244;167;127;48;2;244;168;126m▔  [38;2;82;67;72;48;2;233;161;122m▐[48;2;36;39;58m       [38;2;58;62;82m▕[38;2;38;41;60;48;2;142;149;177m▆[48;2;36;39;58m    [38;2;129;135;162;48;2;39;42;61m▔[38;2;50;53;73;48;2;36;39;58m▔ [38;2;49;53;72m▁[38;2;105;110;132m▁        [38;2;119;187;218;48;2;53;70;91m▐[48;2;124;195;227m    [38;2;148;184;233;48;2;125;195;227m▁[0m[7m[38;2;152;173;227m▕[0m
[38;2;186;118;113;48;2;242;159;133m▏[38;2;244;167;127;48;2;244;168;126m▔    [38;2;220;152;117;48;2;42;42;60m▎[48;2;36;39;58m              [38;2;52;56;76m▕[38;2;55;59;79;48;2;181;189;220m▃[38;2;98;103;126;48;2;199;208;241m▁[38;2;67;71;93;48;2;184;192;224m▗[38;2;88;93;117;48;2;37;40;59m▏[48;2;36;39;58m       [38;2;36;39;58;48;2;108;168;197m▋[48;2;124;195;227m  [38;2;148;184;233;48;2;125;195;227m▁[38;2;132;192;229;48;2;186;165;242m▀[38;2;166;175;237;48;2;195;160;244m▔[0m[7m[38;2;190;153;236m▕[0m
[7m[38;2;235;162;122m▎[0m[38;2;50;36;28;48;2;244;168;126m     [38;2;197;137;108;48;2;36;39;58m▎             [38;2;79;84;106;48;2;39;42;61m▕[38;2;188;196;228;48;2;48;51;71m▂[38;2;173;181;211;48;2;36;39;58m▂[38;2;187;195;228;48;2;58;61;82m▃[38;2;175;183;214;48;2;40;43;62m▅[38;2;46;49;69;48;2;174;182;213m▀[38;2;128;134;161;48;2;54;58;78m▘[48;2;36;39;58m      [38;2;47;59;79;48;2;121;190;221m▋[38;2;147;184;233;48;2;125;195;227m▁[38;2;131;192;229;48;2;186;165;242m▀[38;2;166;175;237;48;2;195;160;244m▔[48;2;197;159;245m  [0m[38;2;188;152;234m▋[0m
[7m[38;2;199;138;104m▋[0m[38;2;24;17;13;48;2;244;168;126m   [38;2;241;185;138;48;2;244;169;127m▁[38;2;243;174;130;48;2;238;206;154m▀[38;2;53;53;66;48;2;206;179;138m▐[48;2;36;39;58m              [38;2;141;147;175;48;2;41;44;64m▔[38;2;40;43;62;48;2;199;208;242m▆[38;2;36;39;58;48;2;140;147;174m▆[48;2;36;39;58m        [38;2;84;94;127;48;2;42;46;67m▕[38;2;88;133;159;48;2;170;173;238m▘[38;2;165;175;237;48;2;195;160;244m▔[48;2;197;159;245m   [38;2;195;158;243m▁[0m[38;2;145;117;181m▘[0m
 [7m[38;2;225;155;117m▖[0m[38;2;242;184;138;48;2;244;169;127m▁[38;2;243;174;130;48;2;238;206;154m▀[38;2;240;195;146;48;2;237;210;157m▔[48;2;237;211;158m [38;2;181;163;129;48;2;233;208;156m▕[38;2;185;166;131;48;2;43;45;61m▖[48;2;36;39;58m                       [38;2;137;114;174;48;2;39;41;62m▗[38;2;101;87;133;48;2;196;158;244m▘[48;2;197;159;245m     [0m[7m[38;2;158;127;196m▗[0m[38;2;8;6;9m [0m
  [7m[38;2;231;202;151m▖[0m[38;2;63;57;43;48;2;237;211;158m    [38;2;193;173;135;48;2;235;210;157m▔[38;2;60;59;69;48;2;202;181;140m▀[38;2;95;89;86;48;2;38;40;59m▁[48;2;36;39;58m                   [38;2;113;96;147;48;2;38;40;60m▂[38;2;70;64;97;48;2;187;151;233m▀[38;2;168;137;211;48;2;197;159;245m▔     [0m[7m[38;2;178;144;222m▗[0m [38;2;34;27;42m [0m
 [38;2;0;0;0m [0m [7m[38;2;201;179;135m▖[0m[38;2;17;15;12;48;2;237;211;158m   [38;2;235;211;158m▁[38;2;184;215;151;48;2;233;211;157m▃[38;2;152;139;115;48;2;171;214;148m▔[38;2;153;201;139;48;2;46;53;64m▅[38;2;130;169;122;48;2;40;45;61m▖[48;2;36;39;58m        [38;2;137;94;107m▗[38;2;222;143;150;48;2;42;42;61m▂[38;2;129;89;102;48;2;37;39;58m▁[48;2;36;39;58m [38;2;189;124;133;48;2;45;44;62m▁[38;2;141;97;110;48;2;38;40;59m▂[48;2;36;39;58m  [38;2;169;138;212;48;2;63;59;89m▆[38;2;187;151;233;48;2;197;159;245m▔     [38;2;190;154;237m▁[0m[7m[38;2;146;118;182m▗[0m [38;2;26;21;33m  [0m
 [38;2;0;0;0m   [38;2;214;191;143m▝[38;2;123;110;83;48;2;233;208;156m▖[38;2;185;215;151;48;2;233;211;157m▃[38;2;211;213;154;48;2;168;217;148m▘[48;2;165;217;148m  [38;2;163;215;147m▁[38;2;128;167;122;48;2;44;50;63m▘[48;2;36;39;58m        [38;2;54;49;66;48;2;232;149;156m▋[48;2;237;152;159m [38;2;219;141;148m▔[38;2;61;52;68;48;2;212;137;146m▔[38;2;229;147;154;48;2;237;152;159m▏[38;2;222;143;150;48;2;36;39;58m▊  [38;2;45;46;69;48;2;182;148;228m▍[48;2;197;159;245m     [0m[7m[38;2;189;153;236m▗[0m[38;2;157;126;195m▘    [0m
 [38;2;0;0;0m    [0m [7m[38;2;142;186;128m▅[38;2;160;210;143m▂[0m[38;2;57;75;53;48;2;165;217;148m  [38;2;157;206;142;48;2;63;77;76m▊[48;2;36;39;58m         [38;2;97;73;88;48;2;40;41;60m▕[38;2;36;39;58;48;2;216;139;147m▃[38;2;52;47;65;48;2;220;142;150m▅[38;2;95;71;86;48;2;38;40;59m▔[38;2;151;102;113m▔[38;2;36;39;58;48;2;134;93;105m▆[48;2;36;39;58m  [38;2;40;42;62;48;2;182;148;227m▋[48;2;197;159;245m  [38;2;194;156;241m▁[0m[7m[38;2;185;149;230m▂[38;2;152;123;189m▅[0m [38;2;12;10;15m     [0m
 [38;2;0;0;0m       [7m[38;2;113;148;103m▆[0m[38;2;155;204;140m▀[7m[38;2;91;116;96m▂[0m[38;2;34;37;54;48;2;36;39;58m▁                [38;2;36;39;58;48;2;166;135;208m▊[0m[7m[38;2;191;154;237m▂[0m[38;2;177;143;221m▀[7m[38;2;109;88;136m▆[0m[38;2;2;1;2m        [0m
 [38;2;0;0;0m          [0m [7m[38;2;34;37;55m▆[0m[38;2;33;36;53m▀[7m[38;2;35;38;56m▃[38;2;35;38;57m▂[38;2;35;38;56m▁[38;2;36;39;58m▁[0m[38;2;28;30;44;48;2;36;39;58m▁[38;2;34;37;56m▁[38;2;34;37;55m▁[38;2;26;29;42m▁[0m[7m[38;2;36;39;58m▁[38;2;34;37;55m▁[38;2;35;38;56m▂[38;2;34;37;55m▃[0m[38;2;32;34;51m▀[7m[38;2;32;35;52m▆[0m [38;2;13;14;21m           [0m
[?25h